Item 1    0.2474 0.2334
Item 2    0.2500 0.6250
Item 3    0.3333 0.4444
Item 4    0.3333 0.0001
Item 5    0.6667 0.0001
Item 6    0.2500 0.1250
Item 7    0.6364 0.9999
Item 8    0.9999 0.5551
Item 9    0.3342 0.8890
Item 10   0.0001 0.2222
Item 11   0.5000 0.2500
Item 12   0.2900 0.4108
Item 13   0.5054 0.0001
Item 14   0.9999 0.0001
Item 15   0.2474 0.4890
Item 16   0.1344 0.5110
Item 17   0.2775 0.0001
Item 18   0.2500 0.8750
0.9999
0.1111
0.0001
0.3333
0.2500
0.4094
0.0001
0.9999
0.8750
0.0001
0.1111
0.0001
0.2500
0.1250
0.0001
0.7500
0.0001
0.2500
0.0001
0.6250
0.4444
0.2222
0.3333
0.0001
0.3333
0.0001
0.0001
0.2222
0.1118
0.1111
0.0001
0.9999
0.8889
0.1111
0.2229
0.0001
0.0001
0.0001