0.2474 0.2334
0.2500 0.6250
0.3333 0.4444
0.3333 0.0001
0.6667 0.0001
0.2500 0.1250
0.6364 0.9999
0.9999 0.5551
0.3342 0.8890
0.0001 0.2222
0.5000 0.2500
0.2900 0.4108
0.5054 0.0001
0.9999 0.0001
0.2474 0.4890
0.1344 0.5110
0.2775 0.0001
0.2500 0.8750
0.2473 0.9999
0.3333 0.1111
0.9999 0.0001
0.3333 0.3333
0.7500 0.2500
0.1445 0.4094
0.0001 0.0001
0.4335 0.9999
0.5000 0.8750
0.5000 0.0001
0.0001 0.1111
0.7500 0.0001
0.0001 0.2500
0.0001 0.1250
0.0001 0.0001
0.0001 0.7500
0.2500 0.0001
0.0001 0.2500
0.3817 0.0001
0.0001 0.6250
0.0001 0.4444
0.0001 0.2222
0.3333 0.3333
0.3333 0.0001
0.0001 0.3333
0.3817 0.0001
0.0001 0.0001
0.0001 0.2222
0.0001 0.1118
0.3333 0.1111
0.0909 0.0001
0.0001 0.9999
0.3333 0.8889
0.3333 0.1111
0.0001 0.2229
0.0001 0.0001
0.4545 0.0001
0.0001 0.0001